# id	left	top	right	bottom	texture_id
[SPRITES]


#Hộp trắng
90000	1	1	17	17	70
90001	18	1	34	17	70
90002	35	1	51	17	70
90003	1	18	17	34	70
90004	18	18	34	34	70
90005	35	18	51	34	70
90006	1	35	17	51	70
90007	18	35	34	51	70
90008	35	35	51	51	70

#Hộp đỏ
90009	1	52	17	68	70
90010	18	52	34	68	70
90011	35	52	51	68	70
90012	1	69	17	85	70
90013	18	69	34	85	70
90014	35	69	51	85	70
90015	1	86	17	102	70
90016	18	86	34	102	70
90017	35	86	51	102	70

#Hộp xanh dương
90018	52	52	68	68	70
90019	69	52	85	68	70
90020	86	52	102	68	70
90021	52	69	68	85	70
90022	69	69	85	85	70
90023	86	69	102	85	70
90024	52	86	68	102	70
90025	69	86	85	102	70
90026	86	86	102	102	70

#Hộp xanh lá
90027	52	1	68	17	70
90028	69	1	85	17	70
90029	86	1	102	17	70
90070	52	18	68	34	70
90031	69	18	85	34	70
90032	86	18	102	34	70
90033	52	35	68	51	70
90034	69	35	85	51	70
90035	86	35	102	51	70

#Bóng gạch
50015	103	77	111	93	70
50016	103	86	111	102	70
50017	103	103	111	111	70
50018	77	103	85	111	70
50019	86	103	102	111	70

# ani_id	sprite1_id	time1	sprite2_id	time2	...

[ANIMATIONS]
#Bóng gạch
5015	50015	100
5016	50016	100
5017	50017	100
5018	50018	100
5019	50019	100

#Hộp trắng
9000	90000	100
9001	90001	100
9002	90002	100
9003	90003	100
9004	90004	100
9005	90005	100
9006	90006	100
9007	90007	100
9008	90008	100

#Hộp đỏ
9009	90009	100
9010	90010	100
9011	90011	100
9012	90012	100
9013	90013	100
9014	90014	100
9015	90015	100
9016	90016	100
9017	90017	100


#Hộp xanh dương
9018	90018	100
9019	90019	100
9020	90020	100
9021	90021	100
9022	90022	100
9023	90023	100
9024	90024	100
9025	90025	100
9026	90026	100


#Hộp xanh lá
9027	90027	100
9028	90028	100
9029	90029	100
9030	90030	100
9031	90031	100
9032	90032	100
9033	90033	100
9034	90034	100
9035	90035	100