# id	left	top	right	bottom	texture_id
[SPRITES]
20001	372	153	387	168	20

#BRICK#########
20002	253	187	270	204	80

############GLASS_BRICK########
# UN - BE TOUCHED
49000	1038	1	1053	16	130
49001	1055	1	1070	16	130
49002	1072	1	1087	16	130
49003	1089	1	1104	16	130

#BE TOUCHED
49004	373	29	380	38	140
49005	382	29	389	38	140


####BRICK_UNBOX_P#######
42005	1208	1	1223	16	130
	#############BUTTON P#######
#UN-ACTIVE
49100	1174	69	1189	84	130
49101	1191	69	1206	84	130
49102	1208	69	1223	84	130

#ACTIVE
49103	1225	69	1240	84	130

#COIN_TO_GLASSBRICK

40001	953	69	968	84	130
40002	970	69	985	84	130
40003	987	69	1002	84	130

# ani_id	sprite1_id	time1	sprite2_id	time2	...
[ANIMATIONS]
10000	20001	1000

10002	20002	1000

#GLASS_BRICK_BREAK
10124	49000	300	49001	300	49002	300	49003	300
10125	49004	200	49005	100

#BUTTON P
#un-active
10126	49100	150	49101	150	49102	150

#active
10127	49103	10000

###BRICK_P#######
10103	42005	10000
##COIN_TO_GLASS_BRICK
110100	40001	150	40002	150	40003	150
110102	40001	10000