# id	left	top	right	bottom	texture_id
[SPRITES]
#WALK
31001	4	13	22	30	10
31002	24	13	42	30	10

#DIE
32001	44	19	62	30	10


#Para Red Goomba
31008	263	50	282	73	50
31009	213	50	232	73	50
31010	163	50	182	73	50
31011	113	50	132	73	50

########## RED GOOMBA ##################
#WALK
31005	14	54	31	71	50
31006	64	54	81	71	50
#DIE
31007	314	56	331	65	50

# ani_id	sprite1_id	time1	sprite2_id	time2	...
[ANIMATIONS]
5000	31001	100	31002	100
5001	32001	100

####RED GOOMBA#######
#WALK
5003	31005	100	31006	100
#DIE
5004	31007	100
#WING WALKING
5005	31008	100	31009	100
#WING JUMP
5006	31008	100	31010	100	31009	100	31011	100
