# id	left	top	right	bottom	texture_id
[SPRITES]

#########CÂY XANH BẮN ĐẠN #########
#TRAI DUOI
521	115	398	130	423	50
522	15	398	30	423	50
#TRAI TREN
523	165	398	180	423	50
524	65	398	80	423	50
#PHAI TREN
527	215	398	230	423	50
528	315	398	330	423	50
#PHAI DUOI
525	263	398	278	423	50
526	363	398	378	423	50
#################### GREEN PLANT NOT SHOOT  ####################################

511	15	349	30	372	50
512	65	349	80	372	50

[ANIMATIONS]
##PLANT SHOOT GREEN
321	521	100	522	100
322	522	100

323	523	100	524	100
324	524	100

325	525	100	526	100
326	526	100

327	527	100	528	100
328	528	100
##########GREEN PLANT  NOT SHOOT##############
311	511	300	512	300