# id	left	top	right	bottom	texture_id
[SPRITES]					
##SPRITE NULL					
22222	40	32	56	48	50
11700	3	3	234	30	150
#11701	1124	462	1500	510	70
#POWER
111702	3	33	10	40	150
111702	12	33	25	40	150
111702	104	10	117	17	150
#FONT 0-9
111710	33	31	40	40	150
111710	43	31	50	40	150
111710	53	31	60	40	150
111710	63	31	70	40	150
111710	73	31	80	40	150
111710	83	31	90	40	150
111710	93	31	100	40	150
111710	103	31	110	40	150
111710	113	31	120	40	150
111710	123	31	130	40	150
#M SYMBOL					
111705	8	43	23	48	150	
#CARD 
111706	187	33	210	60	150
111707	211	33	234	60	150
111708	235	33	258	60	150
#
#SPRITE NULL					
111709	65	14	75	22	180
#
#SPRITE GAME OVER					
111720	5	6	132	69	180
#ARROW					
111721	45	46	50	53	180
#					
#					
#DIALOGS					
11722	133	0	260	55	190
#
[ANIMATIONS]		
130000	11700	100
130001	11701	100
130002	11702	100
130003	11703	100	11704	100
130005	11705	100
#FONT 0-9		
130010	11710	100
130010	11711	100
130010	11712	100
130010	11713	100
130010	11714	100
130010	11715	100
130010	11716	100
130010	11717	100
130010	11718	100
130010	11719	100
#		
#CARD		
130021	11706	100
130021	11707	100
130021	11708	100
#		
#		
130031	11706	600	22222	300	
130031	11707	600	22222	300
130031	11708	600	22222	300
#GAME_OVER		
130025	11720	100
#NULL		
130026	11709	100
#ARROW		
130027	11721	100
#		
#HUD_SUB		
130028	11722	100



