# id	left	top	right	bottom	texture_id
[SPRITES]
#####  BIG ###############
##DOWN_UP_PIPE
114901	213	153	231	181	0


#IDLE
11121	246	154	259	181	0
11119	186	154	199	181	0

11721	331	322	346	351	100
11726	294	362	311	391	100


11111	176	242	191	271	100
11711	61	322	76	351	100
11716	94	362	111	391	100

#WALKING RIGHT
11222	275	154	290	181	0
11223	304	154	321	181	0

#WALKING LEFT
11212	155	154	170	181	0
11213	125	154	140	181	0

#RUNNING RIGHT
11321	334	154	355	181	0
11322	334	154	355	181	0
11323	392	154	413	181	0

#RUNNING LEFT
11311	91	154	112	181	0
11312	65	154	86	181	0
11313	34	154	55	181	0

#JUMP WALK RIGHT
11417	395	275	412	302	0
11413	35	275	52	302	0

#JUMP RUN RIGHT & LEFT
11427	394	195	413	222	0
11423	35	195	52	222	0

#SIT RIGHT & LEFT 
11521	426	239	441	256	0
11511	5	239	20	256	0

#BRACE RIGHT & LEFT 
11621	425	154	442	181	0
11611	5	154	22	181	0

#DIE
13001	215	120	234	137	0

#HOLD RIGHT LEFT
11722	357	322	372	351	100
11723	382	322	397	351	100

11712	35	322	50	351	100
11713	10	322	25	351	100
###########KICK

#KICK_LEFT
18001	1	273	24	302	0
#KICK_RIGHT
18002	422	273	444	302	0


############ SMALL ################
#HOLD RIGHT LEFT
12621	336	169	351	184	100
12622	377	169	392	184	100

12611	56	169	71	184	100
12612	15	169	30	184	100

#IDLE
12121	247	0	260	15	0
12111	187	0	200	15	0

#WALK RIGHT
12222	275	0	292	15	0
12223	306	0	321	15	0

#WALK LEFT
12212	155	0	170	15	0
12213	125	0	140	15	0

#RUN RIGHT
12321	275	0	290	15	0
12322	306	0	321	15	0
12323	335	0	350	15	0

#RUN LEFT
12311	155	0	170	15	0
12312	125	0	140	15	0
12313	95	0	110	15	0

#BRACE RIGHT & LEFT
12511	6	0	19	15	0
12521	426	0	439	15	0

#JUMP WALK RIGHT & LEFT 
12413	35	80	50	95	0
12417	395	80	410	95	0

#JUMP RUN RIGHT & LEFT 
12423	65	40	80	55	0
12427	365	40	380	55	0

#KICK_small
#LEFT_kick_small
17001	4	78	22	97	0
#RIGHT_kick_small
17002	423	78	443	97	0


######MARIO FLY#########

#FLYING
1114906	249	562	275	592	100

1114907	130	562	157	592	100


##HOLD_GO_RIGHT
#ISONPLATFORM
1114900	320	522	344	552	100
1114901	349	522	376	552	100
1114902	380	522	406	552	100

##HOLD_GO_LEFT
#ISONPLATFORM
1114903	60	522	85	552	100
1114904	31	522	56	552	100
1114905	0	522	26	552	100

##DOWN_UP_PIPE
114900	353	481	373	512	100

#ATTACK_RIGHT
14900	388	482	406	511	100
14901	146	443	170	471	100
14902	353	482	371	511	100

#ATTACK_LEFT
14905	235	443	259	471	100

#HIT_OF_TAIL
14950	7	1	24	16	110
14951	25	1	42	16	110
14952	7	17	24	34	110
14953	25	17	42	34	110

#FLY DOWN RIGHT LEFT
14751	252	603	275	630	100
14752	211	603	234	630	100
14753	291	443	314	470	100


14741	131	603	154	630	100
14742	171	603	194	630	100
14743	91	443	114	470	100



#IDLE

14121	211	443	232	470	100
14721	322	523	343	550	100
14726	291	563	312	590	100

14111	171	443	192	470	100
14711	62	523	83	550	100
14716	92	563	113	590	100

#WALKING RIGHT
14222	261	443	282	470	100
14223	291	443	312	470	100
#WALKING LEFT
14212	121	443	142	470	100
14213	91	443	112	470	100
#RUNNING RIGHT
14321	213	523	234	550	100
14322	253	523	274	550	100
14323	293	523	314	550	100

#RUNNING LEFT
14311	171	523	192	550	100
14312	131	523	152	550	100
14313	91	523	112	550	100
#JUMP WALK RIGHT
14417	331	443	352	470	100
14413	51	443	72	470	100
#JUMP RUN RIGHT & LEFT
#?
###RIGHT - DOWN  - UP
14427	291	603	314	630	100
14428	331	603	354	630	100

##LEFT- DOWN  - UP
14423	91	603	114	630	100
14424	51	603	74	630	100

#SIT RIGHT & LEFT
14521	371	448	394	465	100
14511	11	448	34	465	100
#BRACE RIGHT & LEFT
14621	211	484	234	511	100
14611	171	484	194	511	100

#ATTACK
14631	236	443	259	470	100
14632	1	483	16	510	100
14633	146	443	169	470	100


#HOLD RIGHT LEFT
14722	351	523	374	550	100
14723	381	523	404	550	100

14712	31	523	54	550	100
14713	1	523	24	550	100
#KICK RIGHT LEFT
14821	247	483	274	510	100
14811	137	483	164	510	100




# ani_id	sprite1_id	time1	sprite2_id	time2	...
[ANIMATIONS]
400	11121	100
401	11119	100

#WALKING RIGHT & LEFT
500	11121	100	11222	100	11223	100
501	11119	100	11212	100	11213	100

#RUNNING RIGHT & LEFT
600	11321	50	11322	50	11323	50
601	11311	50	11312	50	11313	50

#JUMP WALK
700	11417	100
701	11413	100

#JUMP RUN
800	11427	100
801	11423	100

#SIT RIGHT & LEFT 
900	11521	100
901	11511	100

#BRACE RIGHT & LEFT 
1000	11621	100
1001	11611	100

#DIE
999	13001	100

#KICK
#Left
1801	18001	1000
#Right
1802	18002	1000

#HOLD RIGHT LEFT
1011	11721	100	11722	100	11723	100
1010	11711	100	11712	100	11713	100

#HOLD IDLE
1041	11721	100
1040	11711	100

#HOLD JUMP RIGHT LEFT
1051	11726	100
1050	11716	100

#DOWN_UP_PIPE
33334	114901	100

################### SMALL #################
1100	12121	100
1102	12111	100

#HOLD RIGHT LEFT
1611	12621	100	12622	100
1610	12611	100	12612	100

#HOLD IDLE
1641	12621	100
1640	12611	100

#HOLD JUMP RIGHT LEFT
1651	12626	100
1650	12616	100

#WALK LEFT & RIGHT 
1200	12121	100	12222	100	12223	100
1201	12111	100	12212	100	12213	100

#RUN LEFT & RIGHT
1300	12321	100	12322	100	12323	100
1301	12311	100	12312	100	12313	100

#BRACE LEFT & RIGHT
1401	12511	100
1400	12521	100

#JUMP WALK
1500	12417	100
1501	12413	100

#JUMP RUN 
1601	12423	100
1600	12427	100

#KICK_small
#Left_small
1701	17001	1000
#Right
1702	17002	1000

#######MARIO FLY##############
#IDLE
2401	14121	100
2400	14111	100

#WALKING RIGHT & LEFT
2501	14121	110	14222	110	14223	110
2500	14111	110	14212	110	14213	110

#RUNNING RIGHT & LEFT
2601	14321	5	14322	5	14323	5
2600	14311	5	14312	5	14313	5
#RUNNING PREPARE
2603	14121	50	14222	50	14223	50
2602	14111	50	14212	50	14213	50
#JUMP WALK
2701	14417	100
2700	14413	100

#JUMP RUN
2801	14427	100
2800	14423	100
#SIT RIGHT & LEFT 
2901	14521	100
2900	14511	100
#BRACE RIGHT & LEFT 
3001	14611	100
3000	14621	100
#ATTACK
3100	14631	100	14632	100	14633	100

#FLY_LEFT
3200	14423	100	14424	100
#FLY_RIGHT
3100	14427	100	14428	100

#HOLD RIGHT LEFT
3011	14721	100	14722	100	14723	100
3010	14711	100	14712	100	14713	100
#KICK RIGHT LEFT
3021	14821	100
3020	14811	100
#IDLE HOLD
3041	14721	100
3040	14711	100
#JUMP HOLD RIGHT LEFT
3051	14726	100
3050	14716	100

#FLY DOWN RIGHT LEFT
3061	14751	50	14753	50	14752	50	14753	50
3060	14741	50	14743	50	14742	50	14743	50

#ATTACK_RIGHT
3370	14902	100	14901	100	14902	100	14905	100

#ATTACK_LEFT
3371	14902	100	14905	100	14902	100	14901	100

#HITBOX_OF_TAIL
3070	14950	25	14952	25	14951	25	14953	25

#FLY_LEFT
3200	14423	100	14424	100
#FLY_RIGHT
3300	14427	100	14428	100

#DOWN_UP_PIPE
33333	114900	100

#HOLD_GO_RIGHT - LEFT
33334	1114900	100	1114901	100	1114902	100
33335	1114903	100	1114904	100	1114905	100

#HOLD_FLY_RIGHT - LEFT
33336	1114906	100

33337	1114907	100