# id	left	top	right	bottom	texture_id
[SPRITES]

#########CÂY BẮN ĐẠN ĐỎ#########
#trái-dưới
501	115	544	130	577	50
502	15	544	30	577	50
#trái-trên
503	165	544	180	577	50
504	65	544	80	577	50
#phải-dưới
505	265	544	280	577	50
506	365	544	380	577	50
#phải-trên
507	215	544	230	577	50
508	315	544	330	577	50
# ani_id	sprite1_id	time1	sprite2_id	time2	...
[ANIMATIONS]
#
301	501	100	502	100
302	502	100
103	501	100
#
303	503	100	504	100
304	504	100
#
305	505	100	506	100
306	506	100
#
307	507	100	508	100
308	508	100